1,755,138,26,19
2,952,518,15,24
3,304,90,28,12
4,237,265,17,13
5,219,97,26,24
6,512,74,19,21
7,868,291,22,25
8,908,272,17,11
9,432,455,10,8
10,309,778,13,25
11,569,720,28,29
12,557,222,26,15
13,899,728,12,22
14,966,109,13,15
15,403,295,27,24
16,320,546,10,28
17,871,906,10,20
18,233,207,27,11
19,672,560,16,25
20,422,273,22,11
21,314,911,17,26
22,36,545,18,13
23,18,151,13,24
24,655,24,28,22
25,538,430,21,26
26,749,726,19,18
27,41,166,22,29
28,595,17,11,20
29,691,725,18,20
30,427,113,11,25
31,491,661,19,23
32,479,348,20,16
33,415,1,16,17
34,780,927,23,19
35,780,350,21,3
36,415,796,12,15
37,783,452,29,24
38,702,728,16,28
39,350,676,17,21
40,611,518,12,21
41,813,715,13,26
42,317,63,29,24
43,484,642,26,14
44,237,910,24,25
45,325,917,28,20
46,567,485,20,12
47,464,470,18,26
48,389,9,13,11
49,92,560,16,21
50,532,967,23,14
51,762,825,11,13
52,606,600,23,23
53,848,798,19,24
54,311,503,10,15
55,72,388,13,19
56,28,692,15,29
57,965,205,13,13
58,472,738,18,17
59,732,652,25,18
60,676,573,23,17
61,859,162,17,24
62,775,822,19,26
63,343,97,22,20
64,945,279,13,19
65,446,405,13,13
66,293,520,26,16
67,852,501,26,19
68,924,209,21,29
69,469,425,17,17
70,192,827,14,11
71,944,798,25,24
72,161,321,16,20
73,930,796,25,10
74,460,629,26,23
75,777,347,29,10
76,320,50,20,20
77,417,360,26,18
78,579,460,14,26
79,20,361,29,11
80,55,929,26,25
81,532,605,26,29
82,152,606,24,20
83,255,566,24,18
84,54,204,13,22
85,837,206,19,16
86,555,336,13,24
87,878,302,16,15
88,356,480,21,22
89,261,769,16,10
90,884,165,27,10
91,374,83,20,11
92,514,214,17,18
93,346,557,21,16
94,260,772,27,20
95,337,313,25,21
96,140,322,17,10
97,81,892,24,20
98,432,958,10,23
99,533,176,22,10
100,186,331,14,20
101,910,975,11,11
102,756,642,24,22
103,251,358,14,21
104,30,146,18,26
105,307,555,14,12
106,150,670,13,20
107,643,862,17,27
108,98,740,29,13
109,347,44,11,14
110,105,597,11,27
111,918,492,15,19
112,824,383,20,17
113,227,259,21,17
114,103,516,5,10
115,170,683,13,14
116,397,590,22,24
117,577,257,21,25
118,575,204,13,13
119,245,761,16,16
120,802,736,13,19
121,193,10,26,16
122,393,4,25,28
123,122,609,18,19
124,635,687,12,11
125,898,545,25,15
126,293,934,17,15
127,224,781,27,22
128,952,534,17,15
129,557,958,11,12
130,248,655,13,20
131,334,284,21,18
132,663,378,25,25
133,892,529,27,24
134,428,451,21,18
135,263,39,22,14
136,68,217,12,29
137,560,136,15,13
138,163,815,29,18
139,627,669,20,12
140,23,539,16,13
141,101,509,19,25
142,895,520,12,26
143,409,884,27,12
144,368,760,11,20
145,557,58,28,10
146,438,332,12,21
147,76,951,28,20
148,406,186,22,27
149,302,621,19,29
150,920,629,17,13
151,849,878,11,28
152,780,576,20,28
153,757,799,26,23
154,116,834,29,16
155,729,960,23,11
156,137,56,20,23
157,556,337,13,18
158,294,546,29,20
159,22,334,28,14
160,565,39,14,16
161,173,311,12,18
162,191,516,15,17
163,280,334,29,25
164,835,508,10,15
165,413,766,23,10
166,922,355,16,22
167,231,790,13,16
168,363,538,16,23
169,333,386,25,16
170,901,377,13,19
171,722,437,18,25
172,666,697,26,22
173,0,355,10,10
174,475,88,23,12
175,51,174,21,29
176,546,330,21,25
177,707,924,15,11
178,530,812,22,14
179,73,52,20,25
180,936,311,13,17
181,723,519,28,11
182,662,239,17,19
183,309,186,23,23
184,584,457,26,22
185,575,52,19,19
186,327,300,19,24
187,376,128,12,21
188,573,536,8,7
189,420,335,12,29
190,886,554,12,10
191,820,66,10,22
192,5,564,25,27
193,942,979,29,17
194,116,55,27,11
195,423,854,20,16
196,331,37,19,24
197,715,374,29,13
198,873,758,10,29
199,661,367,20,22
200,521,796,26,20
201,582,838,15,26
202,548,870,10,19
203,357,418,21,11
204,651,861,28,11
205,166,414,18,15
206,403,513,16,13
207,10,561,23,19
208,259,725,27,13
209,505,647,13,14
210,25,131,28,15
211,414,295,28,16
212,421,775,19,14
213,214,627,12,19
214,642,675,24,26
215,561,755,22,10
216,469,754,23,15
217,533,714,21,21
218,21,163,13,12
219,11,59,12,21
220,47,903,10,20
221,538,890,12,24
222,114,617,23,29
223,462,209,16,12
224,206,643,17,29
225,890,106,24,10
226,276,15,16,12
227,663,196,22,26
228,660,686,17,28
229,474,586,10,26
230,900,379,12,23
231,2,31,12,12
232,937,309,24,29
233,450,123,16,19
234,302,204,29,16
235,199,948,29,12
236,958,794,29,19
237,779,851,18,23
238,730,631,18,29
239,111,704,18,24
240,488,58,25,12
241,572,23,26,22
242,307,89,12,22
243,510,770,24,15
244,45,448,11,28
245,590,542,18,17
246,678,2,23,12
247,796,319,11,16
248,152,680,26,25
249,938,25,19,21
250,56,395,23,22
251,590,668,18,24
252,839,710,29,14
253,792,637,24,20
254,700,113,26,14
255,25,593,11,23
256,924,479,28,25
257,223,544,24,20
258,680,577,18,18
259,342,475,23,29
260,533,151,17,13
261,142,519,22,20
262,902,762,15,28
263,332,827,13,23
264,10,105,19,25
265,417,605,17,19
266,578,795,10,12
267,308,342,12,21
268,239,241,27,24
269,312,382,10,3
270,770,6,13,20
271,350,484,18,22
272,897,652,14,19
273,518,314,17,12
274,675,124,9,12
275,787,416,28,17
276,512,204,18,19
277,243,224,16,18
278,266,938,6,3
279,305,914,22,22
280,68,930,22,10
281,312,565,25,10
282,562,608,16,19
283,55,116,17,10
284,253,675,19,16
285,304,299,19,15
286,786,401,26,20
287,391,621,21,25
288,437,217,19,18
289,675,488,25,28
290,47,195,10,26
291,881,323,25,29
292,24,173,25,27
293,816,658,22,21
294,915,501,29,18
295,886,49,12,23
296,885,60,10,15
297,257,849,26,28
298,899,571,29,15
299,714,390,15,11
300,915,702,14,27
301,489,164,10,6
302,389,463,16,10
303,229,759,28,11
304,4,570,17,17
305,547,949,28,24
306,696,931,17,16
307,241,300,18,16
308,790,323,15,17
309,483,822,17,17
310,463,733,21,22
311,98,549,20,10
312,364,23,13,12
313,490,651,18,15
314,887,670,19,19
315,326,902,10,19
316,793,765,17,19
317,733,540,17,10
318,768,892,28,20
319,317,21,29,10
320,668,172,13,27
321,496,122,12,4
322,911,236,12,12
323,430,576,25,15
324,606,798,27,25
325,903,242,21,15
326,128,713,14,10
327,293,367,25,15
328,610,359,13,23
329,284,30,22,16
330,561,764,17,20
331,558,329,11,17
332,536,356,23,27
333,606,968,26,19
334,420,175,15,24
335,676,86,29,20
336,908,410,17,16
337,558,766,12,28
338,917,860,23,20
339,253,362,8,11
340,429,844,14,27
341,56,851,10,23
342,309,709,22,18
343,165,346,25,21
344,17,922,23,14
345,702,31,16,21
346,328,333,19,27
347,302,911,17,18
348,15,649,12,19
349,966,178,24,21
350,544,945,27,17
351,261,927,28,20
352,705,393,28,12
353,732,58,17,26
354,213,572,20,26
355,358,650,16,29
356,754,629,10,14
357,708,941,10,21
358,153,478,19,18
359,950,364,29,16
360,765,705,12,22
361,779,171,20,11
362,670,677,14,26
363,405,646,27,17
364,346,842,25,25
365,902,872,22,23
366,166,133,16,10
367,692,546,24,26
368,883,552,23,10
369,153,497,12,16
370,928,881,15,28
371,316,308,19,22
372,582,239,28,23
373,285,728,16,24
374,790,929,17,15
375,369,96,14,21
376,904,950,19,18
377,205,938,13,13
378,132,837,13,16
379,279,864,14,14
380,718,816,29,23
381,120,973,29,17
382,422,461,10,15
383,208,352,23,26
384,904,731,18,23
385,61,876,26,27
386,533,327,27,22
387,2,349,20,13
388,399,969,24,23
389,805,734,13,15
390,190,898,24,13
391,117,845,19,18
392,368,30,16,19
393,406,974,13,4
394,35,913,10,29
395,228,169,11,28
396,505,735,21,12
397,737,335,10,16
398,261,264,28,15
399,965,959,15,25
400,14,168,25,23
401,693,517,14,13
402,54,893,13,16
403,186,945,26,14
404,117,742,21,19
405,185,455,11,14
406,203,1,20,11
407,175,191,27,18
408,634,690,19,21
409,650,437,27,15
410,623,752,15,24
411,790,606,16,24
412,851,726,19,12
413,68,171,25,23
414,336,135,19,11
415,427,151,10,28
416,313,67,10,12
417,144,519,23,11
418,606,699,27,28
419,66,564,17,24
420,219,225,28,29
421,911,398,11,17
422,971,903,28,27
423,909,220,20,20
424,64,845,29,18
425,448,248,23,26
426,726,370,15,14
427,951,135,24,20
428,557,750,24,23
429,487,184,26,21
430,427,819,27,18
431,243,684,16,12
432,362,486,27,10
433,631,562,22,24
434,43,258,16,21
435,855,305,21,11
436,216,955,29,11
437,709,7,21,27
438,308,47,16,11
439,251,765,16,10
440,737,440,16,20
441,142,438,22,18
442,405,492,17,23
443,216,687,28,12
444,323,770,20,17
445,373,90,28,26
446,670,674,10,17
447,292,239,5,5
448,369,133,17,18
449,81,173,13,14
450,954,299,29,17
451,390,730,21,10
452,933,25,10,12
453,340,165,14,13
454,459,498,10,13
455,787,464,10,24
456,476,683,29,26
457,877,986,12,12
458,393,112,27,27
459,957,538,16,22
460,815,245,12,11
461,777,925,29,13
462,200,302,24,14
463,780,916,19,16
464,355,667,20,11
465,310,972,17,17
466,591,6,12,25
467,429,640,10,19
468,888,608,29,26
469,47,843,15,13
470,457,653,17,21
471,589,253,24,29
472,586,746,15,20
473,339,492,19,21
474,562,507,19,23
475,283,874,25,19
476,277,237,25,10
477,478,493,13,17
478,37,239,15,11
479,948,887,25,24
480,883,25,15,21
481,203,89,17,14
482,422,924,25,20
483,838,387,7,3
484,114,831,26,25
485,906,5,20,17
486,17,422,5,8
487,664,638,14,13
488,948,268,11,12
489,36,856,29,10
490,538,137,12,26
491,367,677,20,22
492,116,457,29,11
493,963,157,23,22
494,559,521,11,13
495,881,439,15,24
496,487,112,27,25
497,433,312,23,23
498,270,745,16,13
499,121,950,17,21
500,866,544,24,13
501,280,285,13,23
502,52,270,20,29
503,208,304,6,8
504,226,872,28,14
505,267,845,13,13
506,345,477,23,20
507,633,771,25,27
508,715,398,27,21
509,36,526,28,28
510,745,143,13,28
511,57,250,10,29
512,573,236,25,12
513,715,671,12,13
514,69,102,4,21
515,692,34,22,10
516,274,302,16,29
517,22,47,25,18
518,590,723,28,17
519,95,879,18,16
520,275,858,11,13
521,486,159,25,16
522,249,215,12,15
523,615,738,16,18
524,766,13,19,12
525,297,555,18,20
526,362,76,16,18
527,488,829,10,22
528,248,921,22,24
529,80,136,18,15
530,880,740,13,12
531,584,217,18,23
532,716,634,7,12
533,370,741,23,21
534,385,12,16,16
535,587,565,23,29
536,397,636,16,28
537,208,504,14,20
538,241,564,15,12
539,553,484,18,11
540,351,765,28,26
541,498,770,3,12
542,610,135,14,29
543,2,888,24,16
544,631,464,16,16
545,716,247,15,27
546,380,693,18,21
547,690,507,11,17
548,950,886,28,17
549,188,182,12,16
550,604,418,20,22
551,544,184,27,13
552,367,16,23,13
553,508,645,21,26
554,906,386,13,16
555,681,208,17,17
556,254,576,12,14
557,867,797,17,18
558,776,350,9,4
559,249,664,11,29
560,656,651,21,29
561,884,610,25,25
562,329,213,13,27
563,958,277,20,25
564,603,551,12,13
565,91,228,21,14
566,171,636,19,25
567,509,336,14,17
568,428,827,26,28
569,546,747,20,17
570,951,357,17,15
571,892,747,15,27
572,219,866,21,16
573,617,233,20,22
574,271,502,15,11
575,159,486,17,17
576,925,311,26,10
577,731,589,10,19
578,16,878,21,17
579,421,0,11,27
580,313,535,20,21
581,659,155,19,24
582,707,68,29,27
583,119,193,25,19
584,165,709,23,18
585,663,435,25,12
586,356,107,28,10
587,446,30,22,17
588,17,328,28,24
589,601,551,25,16
590,697,90,12,21
591,764,807,23,22
592,493,199,22,14
593,687,519,18,26
594,799,195,16,11
595,543,172,22,26
596,671,909,24,10
597,188,201,21,24
598,52,532,24,25
599,20,376,10,29
600,669,515,25,12
601,645,473,15,20
602,695,339,11,26
603,218,746,16,16
604,97,492,11,26
605,551,463,14,27
606,931,516,25,28
607,830,888,26,14
608,413,104,24,25
609,181,879,17,20
610,524,369,14,29
611,861,175,23,19
612,366,383,20,24
613,315,559,11,11
614,287,7,23,21
615,949,779,12,21
616,507,514,21,21
617,768,50,29,11
618,323,326,12,28
619,933,12,24,17
620,578,821,24,29
621,564,765,14,22
622,974,502,11,16
623,613,884,19,28
624,824,604,11,13
625,56,833,11,21
626,347,131,13,29
627,501,867,28,19
628,325,49,22,24
629,503,618,17,21
630,761,402,12,22
631,604,679,15,19
632,915,252,19,24
633,487,856,29,15
634,147,111,21,23
635,904,393,28,27
636,242,318,22,19
637,359,297,16,19
638,714,516,23,20
639,155,340,24,10
640,840,880,17,25
641,433,651,13,26
642,643,849,23,14
643,782,202,29,18
644,465,495,26,15
645,197,340,28,15
646,389,575,25,29
647,178,192,27,27
648,110,688,16,28
649,852,574,15,11
650,253,592,14,10
651,254,323,28,20
652,651,854,21,15
653,566,558,19,27
654,885,425,15,25
655,579,469,3,4
656,776,728,22,23
657,66,98,21,29
658,613,360,16,16
659,668,874,19,16
660,439,369,11,19
661,735,850,25,21
662,307,339,12,20
663,403,183,19,12
664,700,777,12,16
665,580,211,28,17
666,678,893,15,14
667,623,730,16,11
668,464,564,23,25
669,505,429,11,23
670,107,888,13,28
671,61,610,28,22
672,584,240,27,23
673,560,794,24,23
674,746,824,18,18
675,629,244,14,24
676,570,528,18,23
677,828,599,28,26
678,159,38,13,10
679,947,361,10,19
680,431,201,15,22
681,801,449,27,11
682,44,174,12,22
683,797,783,15,24
684,600,972,22,12
685,791,817,29,15
686,293,806,20,26
687,908,734,19,22
688,84,543,12,11
689,508,450,15,17
690,887,472,21,15
691,390,694,14,12
692,882,32,16,13
693,708,66,19,22
694,695,185,22,20
695,790,882,24,18
696,773,465,20,12
697,158,352,22,23
698,681,708,18,13
699,52,963,11,29
700,139,974,11,21
701,696,66,26,27
702,183,514,11,13
703,110,605,18,20
704,394,114,23,26
705,701,926,19,12
706,426,145,18,24
707,228,697,25,13
708,204,560,15,16
709,454,980,14,20
710,434,869,19,16
711,460,421,21,18
712,858,401,25,22
713,916,560,13,27
714,1,678,28,28
715,804,365,24,21
716,65,571,28,16
717,623,727,16,29
718,414,351,11,15
719,569,58,25,14
720,638,681,13,11
721,260,187,26,20
722,797,797,11,26
723,210,706,25,11
724,177,424,29,23
725,301,979,16,19
726,772,317,19,17
727,400,611,19,26
728,139,38,21,10
729,303,326,27,16
730,898,961,11,17
731,517,324,17,15
732,616,433,12,22
733,9,4,14,25
734,467,645,15,15
735,551,892,10,27
736,553,598,14,16
737,280,354,19,22
738,694,391,24,22
739,390,586,13,12
740,658,513,20,11
741,25,606,15,14
742,257,63,26,21
743,921,375,18,14
744,551,547,16,27
745,446,936,26,11
746,56,404,24,24
747,771,348,22,10
748,649,518,23,26
749,680,908,27,21
750,636,669,13,23
751,275,506,25,17
752,763,338,24,19
753,3,3,28,28
754,625,668,11,22
755,597,536,23,11
756,316,902,16,16
757,55,229,22,21
758,84,553,14,17
759,279,736,12,20
760,639,780,4,6
761,873,143,12,25
762,116,757,18,26
763,257,297,24,27
764,138,188,10,13
765,692,187,10,23
766,596,237,10,12
767,246,869,21,20
768,154,110,25,28
769,37,287,23,26
770,779,651,22,14
771,153,296,21,17
772,294,336,7,19
773,803,327,11,11
774,542,895,14,19
775,501,301,25,19
776,703,796,28,19
777,966,184,15,27
778,13,735,11,28
779,652,674,22,23
780,609,608,20,20
781,663,141,21,23
782,708,555,10,19
783,317,813,25,25
784,205,441,17,12
785,689,504,13,25
786,715,927,10,14
787,726,254,11,13
788,525,511,27,17
789,562,123,10,28
790,386,94,11,18
791,409,431,24,17
792,657,574,22,14
793,127,915,16,22
794,127,968,25,13
795,487,64,22,15
796,610,245,28,16
797,514,616,18,21
798,38,945,19,21
799,794,904,20,14
800,474,210,20,17
801,340,36,16,16
802,774,752,29,11
803,785,845,15,20
804,789,582,10,25
805,726,524,21,20
806,4,350,27,27
807,218,749,15,29
808,423,648,27,10
809,69,186,21,10
810,607,871,16,19
811,766,924,19,21
812,59,252,4,21
813,185,707,23,29
814,495,87,18,18
815,16,625,19,25
816,673,119,17,26
817,893,3,14,24
818,14,361,22,19
819,502,585,18,28
820,293,446,27,18
821,25,194,25,11
822,789,169,14,11
823,423,918,29,18
824,956,863,28,25
825,49,327,11,16
826,529,86,21,18
827,902,524,23,24
828,254,220,16,19
829,571,206,23,21
830,66,68,10,17
831,233,367,23,28
832,677,511,25,17
833,895,757,7,9
834,314,905,21,29
835,870,233,13,12
836,599,118,25,22
837,34,119,10,22
838,602,725,10,23
839,481,848,20,12
840,696,106,18,12
841,566,788,22,26
842,845,483,26,23
843,614,950,11,24
844,831,210,21,28
845,133,455,12,12
846,20,40,29,24
847,642,359,24,22
848,689,9,14,15
849,694,766,10,24
850,613,371,17,20
851,399,352,21,23
852,24,372,16,20
853,150,198,19,26
854,539,598,29,19
855,122,582,25,27
856,164,501,12,21
857,158,432,20,19
858,98,163,11,22
859,696,75,26,24
860,413,913,14,11
861,853,487,27,20
862,293,600,21,26
863,927,15,10,18
864,597,699,10,10
865,357,126,22,13
866,758,326,25,17
867,195,31,17,17
868,620,511,19,20
869,62,608,29,26
870,211,91,13,10
871,900,621,13,18
872,184,328,15,16
873,222,662,28,20
874,489,724,27,24
875,585,849,10,13
876,559,601,25,16
877,385,353,21,15
878,881,574,20,25
879,542,716,27,18
880,62,190,10,12
881,832,659,19,29
882,909,741,27,20
883,859,799,26,17
884,301,677,24,23
885,529,424,19,16
886,289,932,18,28
887,705,931,17,10
888,208,179,23,24
889,369,446,10,16
890,410,794,3,5
891,265,567,19,24
892,471,611,16,20
893,821,919,25,15
894,757,822,24,18
895,285,98,12,10
896,737,666,10,19
897,974,242,16,29
898,383,808,13,25
899,266,729,15,4
900,726,811,10,17
901,654,571,19,27
902,691,879,17,18
903,40,946,28,13
904,482,81,19,11
905,806,357,19,26
906,421,788,22,11
907,843,515,14,21
908,488,701,23,24
909,880,723,11,23
910,167,208,29,26
911,334,84,21,25
912,319,20,13,18
913,977,438,20,16
914,15,420,10,15
915,633,221,13,20
916,881,339,10,17
917,54,838,20,23
918,369,414,16,21
919,505,593,23,29
920,354,43,18,3
921,284,165,29,29
922,925,890,22,21
923,615,713,16,22
924,487,768,22,24
925,4,359,28,22
926,923,619,13,18
927,576,461,10,19
928,31,876,14,13
929,588,858,18,10
930,602,724,14,18
931,79,127,26,29
932,335,319,25,11
933,313,461,17,22
934,186,194,16,23
935,278,178,16,12
936,458,739,14,27
937,557,343,17,24
938,187,20,21,15
939,445,926,12,14
940,816,87,14,10
941,857,553,17,23
942,818,233,16,20
943,697,344,6,8
944,967,251,17,10
945,878,550,21,28
946,585,281,28,19
947,393,615,18,26
948,151,616,11,10
949,347,118,14,24
950,203,98,20,16
951,415,772,28,24
952,723,866,14,20
953,787,311,10,20
954,575,732,18,17
955,288,415,11,17
956,403,792,20,12
957,307,683,28,21
958,955,350,18,15
959,873,212,15,22
960,963,135,28,19
961,184,631,14,15
962,46,796,19,23
963,19,25,19,18
964,241,546,13,26
965,43,114,19,20
966,7,564,22,12
967,598,743,10,17
968,83,561,15,16
969,873,909,5,10
970,808,344,21,10
971,73,533,16,24
972,188,18,15,17
973,568,765,19,12
974,835,851,20,13
975,603,971,17,18
976,964,172,20,15
977,179,783,5,7
978,610,602,18,16
979,935,753,17,24
980,200,6,26,14
981,330,693,23,26
982,352,40,23,10
983,855,503,18,14
984,954,295,16,13
985,661,63,19,19
986,843,774,18,28
987,897,98,13,23
988,433,733,25,23
989,893,669,10,12
990,733,168,14,26
991,575,721,13,15
992,728,528,14,16
993,438,924,11,25
994,928,846,17,21
995,583,296,15,23
996,854,967,18,15
997,61,830,25,23
998,708,384,11,14
999,10,102,15,17
1000,712,951,22,22
1001,907,716,13,21
1002,237,219,26,28
1003,536,480,25,21
1004,418,165,19,29
1005,520,802,17,22
1006,416,652,24,20
1007,909,751,13,16
1008,878,281,18,29
1009,349,171,19,17
1010,971,157,28,17
1011,714,632,15,19
1012,756,786,27,17
1013,441,417,17,14
1014,10,36,13,26
1015,903,460,14,22
1016,614,215,16,26
1017,17,664,20,14
1018,127,199,20,17
1019,693,182,27,13
1020,296,714,25,19
1021,544,881,13,29
1022,405,502,12,22
1023,557,492,10,25
1024,246,83,22,22
1025,109,738,27,26
1026,458,503,14,14
1027,69,945,25,19
1028,967,854,10,10
1029,270,848,16,24
1030,430,952,13,23
1031,352,96,17,22
1032,315,68,26,11
1033,238,533,25,24
1034,449,690,28,25
1035,703,719,21,13
1036,836,383,14,11
1037,834,363,22,21
1038,367,398,28,18
1039,714,32,26,19
1040,80,836,17,16
1041,177,781,11,12
1042,842,700,28,10
1043,591,958,28,16
1044,190,972,5,18
1045,187,970,15,24
1046,674,225,21,28
1047,944,321,23,23
1048,671,633,12,25
1049,662,579,14,25
1050,597,597,25,10
1051,642,164,23,17
1052,646,558,15,14
1053,384,598,17,28
1054,627,435,16,14
1055,839,779,11,16
1056,901,634,20,28
1057,838,212,23,14
1058,228,598,14,18
1059,730,507,11,25
1060,306,200,21,22
1061,439,156,29,12
1062,941,101,20,19
1063,412,226,19,20
1064,90,901,22,22
1065,70,172,16,15
1066,857,777,19,28
1067,826,893,16,12
1068,88,494,24,18
1069,620,803,12,13
1070,182,458,29,14
1071,349,72,24,13
1072,681,880,17,22
1073,545,550,26,26
1074,509,694,14,14
1075,203,27,14,28
1076,881,547,12,26
1077,877,983,13,10
1078,94,184,10,29
1079,846,390,23,23
1080,947,325,18,21
1081,52,775,29,22
1082,222,594,15,29
1083,549,80,12,17
1084,534,867,17,17
1085,907,46,11,29
1086,442,256,11,11
1087,933,601,13,19
1088,717,636,18,25
1089,504,56,17,22
1090,301,933,17,14
1091,518,813,13,25
1092,717,425,12,25
1093,860,978,19,21
1094,850,479,12,20
1095,522,771,12,13
1096,593,16,12,10
1097,116,297,21,18
1098,363,461,22,13
1099,735,343,23,10
1100,956,194,16,20
1101,146,178,26,26
1102,628,730,11,29
1103,131,308,25,14
1104,8,633,21,29
1105,301,188,13,19
1106,373,813,23,18
1107,122,721,12,10
1108,841,692,27,11
1109,642,155,17,10
1110,897,863,17,18
1111,849,197,27,15
1112,311,553,11,28
1113,460,814,16,16
1114,813,889,15,18
1115,422,209,23,18
1116,775,143,11,24
1117,289,400,16,27
1118,322,381,21,11
1119,932,308,17,13
1120,178,729,21,21
1121,384,802,16,19
1122,703,651,11,24
1123,664,77,11,13
1124,759,825,10,12
1125,205,185,28,11
1126,152,675,5,10
1127,233,810,11,17
1128,25,245,27,17
1129,329,6,25,16
1130,82,241,23,20
1131,743,123,26,16
1132,191,160,25,28
1133,603,729,21,16
1134,16,742,3,10
1135,582,759,14,29
1136,424,262,29,22
1137,157,607,25,17
1138,822,460,29,25
1139,949,514,26,11
1140,683,393,17,27
1141,268,849,27,16
1142,823,899,21,15
1143,703,22,17,16
1144,723,382,24,25
1145,545,758,21,14
1146,449,978,25,19
1147,386,730,14,26
1148,335,359,27,11
1149,630,3,28,25
1150,55,277,23,25
1151,56,897,27,19
1152,418,909,27,12
1153,194,828,25,26
1154,135,829,12,21
1155,186,14,22,16
1156,314,538,13,22
1157,145,163,23,29
1158,901,654,18,27
1159,180,680,17,17
1160,848,858,29,27
1161,163,295,22,12
1162,929,609,20,26
1163,658,185,27,12
1164,885,964,28,17
1165,964,339,18,29
1166,405,448,23,26
1167,144,846,13,11
1168,881,548,12,15
1169,457,705,11,25
1170,150,122,22,15
1171,86,586,25,20
1172,276,102,12,11
1173,320,904,7,10
1174,577,806,22,16
1175,805,335,21,12
1176,852,806,6,10
1177,431,904,14,29
1178,503,68,24,16
1179,742,432,11,28
1180,493,661,18,27
1181,443,561,10,20
1182,161,672,26,26
1183,50,533,28,22
1184,790,331,25,20
1185,461,496,10,16
1186,42,337,11,14
1187,249,364,20,13
1188,915,734,21,23
1189,69,143,18,15
1190,626,206,22,14
1191,299,928,29,19
1192,406,209,15,24
1193,220,90,20,19
1194,308,373,19,19
1195,497,835,19,18
1196,442,327,26,12
1197,123,920,14,25
1198,945,654,16,15
1199,78,587,11,17
1200,176,713,19,17
1201,348,848,13,20
1202,855,707,21,20
1203,765,118,16,15
1204,84,542,15,20
1205,249,755,12,19
1206,891,40,21,25
1207,689,386,28,14
1208,270,937,12,25
1209,263,841,24,24
1210,604,244,22,12
1211,251,552,19,17
1212,930,381,29,13
1213,414,523,10,19
1214,450,813,17,19
1215,709,102,19,19
1216,108,601,25,29
1217,420,780,11,11
1218,376,801,25,29
1219,44,950,23,15
1220,118,456,25,17
1221,447,42,25,19
1222,333,29,19,13
1223,598,552,16,15
1224,390,355,11,9
1225,362,293,13,10
1226,251,876,23,10
1227,559,811,18,16
1228,844,735,22,26
1229,973,204,12,10
1230,370,73,16,13
1231,124,241,15,24
1232,150,324,3,5
1233,942,359,13,10
1234,111,355,17,24
1235,157,275,19,17
1236,192,440,14,24
1237,265,191,28,16
1238,607,426,23,28
1239,782,718,13,24
1240,90,138,24,18
1241,861,670,24,22
1242,429,446,15,15
1243,620,971,17,21
1244,778,811,22,17
1245,175,164,13,18
1246,448,141,20,13
1247,578,848,13,24
1248,61,392,25,19
1249,217,811,28,28
1250,548,186,11,7
1251,725,652,16,27
1252,448,719,24,28
1253,124,254,29,10
1254,334,224,21,19
1255,466,506,22,15
1256,266,598,12,21
1257,744,42,28,25
1258,700,645,23,13
1259,716,31,17,29
1260,974,418,14,24
1261,476,333,24,19
1262,158,148,29,26
1263,685,497,29,19
1264,876,672,22,12
1265,963,100,27,19
1266,725,583,26,11
1267,266,954,13,11
1268,140,620,27,15
1269,465,317,18,20
1270,942,85,16,22
1271,774,594,18,10
1272,115,370,10,26
1273,680,178,24,11
1274,589,387,29,13
1275,545,585,26,26
1276,416,310,10,28
1277,226,100,10,25
1278,444,500,20,13
1279,390,461,10,26
1280,941,891,22,14
1281,978,278,11,26
1282,183,317,15,13
1283,930,361,13,24
1284,134,204,12,17
1285,710,389,6,5
1286,197,501,22,13
1287,284,773,28,24
1288,130,449,22,26
1289,310,489,14,27
1290,528,540,20,11
1291,958,541,25,11
1292,705,734,8,13
1293,344,745,26,23
1294,556,603,20,25
1295,335,781,23,19
1296,887,584,26,12
1297,760,386,10,19
1298,486,627,22,23
1299,180,820,22,15
1300,141,206,11,15
1301,833,914,16,25
1302,536,596,17,21
1303,18,870,25,16
1304,550,445,13,24
1305,163,257,22,24
1306,932,665,19,11
1307,42,472,13,14
